>GTGGTTTGCTTG	GTGGTTTGCTTG	12.355432	-7.645626	0	T:1.0(4.55%),B:0.7(0.00%),P:1e-3
0.100	0.100	0.700	0.100
0.100	0.100	0.100	0.700
0.100	0.100	0.700	0.100
0.100	0.100	0.700	0.100
0.100	0.100	0.100	0.700
0.100	0.100	0.100	0.700
0.100	0.100	0.100	0.700
0.100	0.100	0.700	0.100
0.100	0.700	0.100	0.100
0.100	0.100	0.100	0.700
0.100	0.100	0.100	0.700
0.100	0.100	0.700	0.100
>HTAATGACTCAC	HTAATGACTCAC	7.367158	-21.178616	0	T:6.0(27.27%),B:210.2(0.46%),P:1e-9
0.319	0.319	0.001	0.361
0.318	0.001	0.001	0.680
0.680	0.318	0.001	0.001
0.638	0.001	0.360	0.001
0.001	0.001	0.001	0.997
0.001	0.001	0.985	0.013
0.997	0.001	0.001	0.001
0.001	0.680	0.318	0.001
0.014	0.319	0.001	0.666
0.001	0.997	0.001	0.001
0.997	0.001	0.001	0.001
0.001	0.680	0.001	0.318
>GGCAAACCACAG	GGCAAACCACAG	6.431997	-9.438661	0	T:10.0(45.45%),B:5369.7(11.67%),P:1e-4
0.199	0.050	0.454	0.298
0.199	0.050	0.552	0.199
0.099	0.752	0.050	0.099
0.751	0.149	0.001	0.099
0.652	0.099	0.050	0.199
0.553	0.050	0.298	0.099
0.001	0.751	0.149	0.099
0.149	0.801	0.049	0.001
0.653	0.099	0.149	0.099
0.099	0.702	0.149	0.050
0.751	0.149	0.001	0.099
0.199	0.050	0.652	0.099
>WTGCTTGMCCTT	WTGCTTGMCCTT	9.559598	-17.013082	0	T:6.0(27.27%),B:425.8(0.93%),P:1e-7
0.390	0.195	0.001	0.415
0.195	0.195	0.001	0.609
0.001	0.194	0.804	0.001
0.001	0.609	0.195	0.195
0.001	0.001	0.001	0.997
0.001	0.001	0.001	0.997
0.001	0.194	0.804	0.001
0.415	0.390	0.001	0.195
0.001	0.804	0.001	0.194
0.001	0.997	0.001	0.001
0.194	0.001	0.001	0.804
0.001	0.001	0.414	0.584
>GGAGGGGTTGTC	GGAGGGGTTGTC	12.355432	-7.645626	0	T:1.0(4.55%),B:2.0(0.00%),P:1e-3
0.100	0.100	0.700	0.100
0.100	0.100	0.700	0.100
0.700	0.100	0.100	0.100
0.100	0.100	0.700	0.100
0.100	0.100	0.700	0.100
0.100	0.100	0.700	0.100
0.100	0.100	0.700	0.100
0.100	0.100	0.100	0.700
0.100	0.100	0.100	0.700
0.100	0.100	0.700	0.100
0.100	0.100	0.100	0.700
0.100	0.700	0.100	0.100
