MEME version 4

ALPHABET= ACGT

strands: + -

MOTIF AP-1(bZIP)_1 
letter-probability matrix: alength= 4 w= 10 nsites= 20 E= 0 
0.419	0.275	0.277	0.028
0.001	0.001	0.001	0.997
0.01	0.002	0.965	0.023
0.984	0.003	0.001	0.012
0.062	0.579	0.305	0.054
0.026	0.001	0.001	0.972
0.043	0.943	0.001	0.012
0.98	0.005	0.001	0.014
0.05	0.172	0.307	0.471
0.149	0.444	0.211	0.195

MOTIF AP-2gamma(AP2)_2 
letter-probability matrix: alength= 4 w= 12 nsites= 20 E= 0 
0.005	0.431	0.547	0.017
0.001	0.997	0.001	0.001
0.001	0.947	0.001	0.051
0.003	0.304	0.001	0.692
0.061	0.437	0.411	0.091
0.688	0.004	0.289	0.019
0.063	0.001	0.935	0.001
0.001	0.001	0.997	0.001
0.009	0.487	0.503	0.001
0.281	0.458	0.059	0.201
0.552	0.128	0.17	0.15
0.232	0.185	0.201	0.381

MOTIF AP-2alpha(AP2)_3 
letter-probability matrix: alength= 4 w= 12 nsites= 20 E= 0 
0.408	0.209	0.161	0.221
0.153	0.088	0.111	0.647
0.166	0.063	0.596	0.175
0.008	0.636	0.348	0.008
0.001	0.997	0.001	0.001
0.001	0.941	0.001	0.057
0.02	0.184	0.018	0.778
0.099	0.353	0.506	0.042
0.683	0.009	0.302	0.006
0.028	0.001	0.97	0.001
0.001	0.001	0.997	0.001
0.014	0.607	0.368	0.011

MOTIF Ap4(bHLH)_4 
letter-probability matrix: alength= 4 w= 10 nsites= 20 E= 0 
0.322	0.237	0.217	0.223
0.419	0.25	0.207	0.123
0.33	0.268	0.115	0.287
0.014	0.955	0.014	0.017
0.941	0.017	0.018	0.024
0.02	0.02	0.913	0.047
0.06	0.899	0.021	0.02
0.022	0.019	0.017	0.942
0.017	0.016	0.954	0.013
0.244	0.1	0.288	0.368

MOTIF FOXA1:AR(Forkhead,NR)_5 
letter-probability matrix: alength= 4 w= 20 nsites= 20 E= 0 
0.571	0.008	0.138	0.283
0.343	0.028	0.598	0.031
0.023	0.405	0.001	0.571
0.951	0.047	0.001	0.001
0.977	0.021	0.001	0.001
0.997	0.001	0.001	0.001
0.001	0.664	0.003	0.333
0.946	0.003	0.01	0.041
0.498	0.164	0.182	0.156
0.504	0.164	0.177	0.156
0.509	0.166	0.179	0.146
0.612	0.107	0.114	0.166
0.672	0.001	0.27	0.057
0.151	0.001	0.778	0.07
0.483	0.153	0.099	0.265
0.968	0.001	0.005	0.026
0.003	0.991	0.005	0.001
0.887	0.001	0.001	0.111
0.254	0.213	0.221	0.312
0.353	0.088	0.234	0.324

MOTIF ARE(NR)_6 
letter-probability matrix: alength= 4 w= 16 nsites= 20 E= 0 
0.467	0.001	0.427	0.104
0.054	0.001	0.923	0.022
0.39	0.201	0.276	0.133
0.89	0.026	0.039	0.045
0.001	0.988	0.01	0.001
0.832	0.001	0.043	0.124
0.096	0.291	0.414	0.199
0.262	0.233	0.243	0.262
0.203	0.409	0.292	0.096
0.123	0.046	0.001	0.83
0.001	0.011	0.987	0.001
0.047	0.042	0.018	0.892
0.127	0.268	0.198	0.407
0.011	0.944	0.001	0.044
0.102	0.411	0.001	0.485
0.144	0.261	0.24	0.356

MOTIF AR-halfsite(NR)_7 
letter-probability matrix: alength= 4 w= 10 nsites= 20 E= 0 
0.122	0.483	0.277	0.118
0.204	0.613	0.009	0.174
0.439	0.124	0.187	0.25
0.335	0.001	0.663	0.001
0.001	0.001	0.997	0.001
0.471	0.273	0.168	0.089
0.997	0.001	0.001	0.001
0.001	0.994	0.004	0.001
0.965	0.001	0.001	0.033
0.031	0.331	0.533	0.104

MOTIF Arnt:Ahr(bHLH)_8 
letter-probability matrix: alength= 4 w= 10 nsites= 20 E= 0 
0.282	0.202	0.069	0.447
0.151	0.31	0.329	0.21
0.188	0.053	0.476	0.284
0.014	0.97	0.003	0.013
0.927	0.028	0.001	0.044
0.033	0.826	0.051	0.09
0.029	0.017	0.951	0.003
0.123	0.765	0.067	0.045
0.681	0.148	0.046	0.125
0.526	0.219	0.143	0.112

MOTIF Ascl1(bHLH)_9 
letter-probability matrix: alength= 4 w= 12 nsites= 20 E= 0 
0.259	0.228	0.272	0.241
0.218	0.27	0.25	0.263
0.288	0.318	0.337	0.057
0.271	0.315	0.324	0.089
0.078	0.848	0.059	0.015
0.847	0.001	0.001	0.151
0.062	0.085	0.69	0.163
0.233	0.495	0.238	0.034
0.101	0.066	0.063	0.77
0.002	0.001	0.918	0.079
0.079	0.365	0.284	0.272
0.2	0.277	0.202	0.322

MOTIF Ascl2(bHLH)_10 
letter-probability matrix: alength= 4 w= 12 nsites= 20 E= 0 
0.214	0.268	0.387	0.131
0.171	0.337	0.348	0.144
0.345	0.131	0.373	0.152
0.29	0.036	0.673	0.001
0.001	0.997	0.001	0.001
0.997	0.001	0.001	0.001
0.001	0.104	0.894	0.001
0.001	0.74	0.258	0.001
0.001	0.001	0.001	0.997
0.001	0.001	0.997	0.001
0.001	0.727	0.026	0.246
0.217	0.311	0.159	0.313

MOTIF Atf1(bZIP)_11 
letter-probability matrix: alength= 4 w= 10 nsites= 20 E= 0 
0.202	0.227	0.397	0.173
0.466	0.202	0.291	0.041
0.023	0.046	0.02	0.911
0.016	0.026	0.759	0.199
0.87	0.001	0.068	0.061
0.025	0.748	0.059	0.168
0.143	0.069	0.771	0.017
0.057	0.168	0.005	0.77
0.323	0.635	0.031	0.011
0.857	0.021	0.072	0.05

MOTIF Atf2(bZIP)_12 
letter-probability matrix: alength= 4 w= 12 nsites= 20 E= 0 
0.209	0.287	0.276	0.228
0.239	0.195	0.379	0.188
0.429	0.226	0.283	0.062
0.047	0.025	0.02	0.908
0.016	0.028	0.825	0.131
0.75	0.026	0.105	0.119
0.057	0.569	0.177	0.197
0.206	0.144	0.58	0.07
0.095	0.105	0.044	0.756
0.132	0.798	0.042	0.028
0.89	0.025	0.029	0.056
0.073	0.28	0.215	0.432

MOTIF Atf3(bZIP)_13 
letter-probability matrix: alength= 4 w= 12 nsites= 20 E= 0 
0.305	0.134	0.316	0.245
0.486	0.214	0.275	0.025
0.001	0.001	0.001	0.997
0.001	0.001	0.946	0.052
0.997	0.001	0.001	0.001
0.047	0.454	0.452	0.048
0.001	0.001	0.001	0.997
0.052	0.946	0.001	0.001
0.997	0.001	0.001	0.001
0.025	0.278	0.213	0.484
0.243	0.327	0.131	0.3
0.256	0.266	0.231	0.247

MOTIF Atf4(bZIP)_14 
letter-probability matrix: alength= 4 w= 10 nsites= 20 E= 0 
0.49	0.342	0.159	0.01
0.001	0.012	0.001	0.986
0.006	0.002	0.975	0.017
0.965	0.007	0.01	0.018
0.001	0.024	0.002	0.973
0.001	0.001	0.997	0.001
0.13	0.661	0.001	0.208
0.994	0.004	0.001	0.001
0.997	0.001	0.001	0.001
0.015	0.316	0.124	0.545

MOTIF Atf7(bZIP)_15 
letter-probability matrix: alength= 4 w= 12 nsites= 20 E= 0 
0.238	0.303	0.285	0.175
0.226	0.167	0.389	0.219
0.407	0.195	0.32	0.078
0.017	0.019	0.006	0.958
0.001	0.039	0.8	0.16
0.827	0.019	0.081	0.073
0.033	0.665	0.139	0.163
0.182	0.123	0.666	0.029
0.076	0.069	0.038	0.817
0.136	0.813	0.045	0.006
0.914	0.01	0.044	0.032
0.053	0.317	0.219	0.411

MOTIF Atoh1(bHLH)_16 
letter-probability matrix: alength= 4 w= 12 nsites= 20 E= 0 
0.296	0.237	0.323	0.146
0.209	0.237	0.271	0.285
0.488	0.038	0.468	0.008
0.28	0.42	0.3	0.002
0.002	0.995	0.002	0.002
0.995	0.002	0.002	0.002
0.002	0.002	0.719	0.278
0.381	0.616	0.002	0.002
0.002	0.002	0.002	0.995
0.002	0.002	0.995	0.002
0.002	0.269	0.5	0.23
0.036	0.461	0.058	0.446

MOTIF Bach1(bZIP)_17 
letter-probability matrix: alength= 4 w= 15 nsites= 20 E= 0 
0.434	0.088	0.224	0.254
0.486	0.059	0.094	0.361
0.44	0.065	0.092	0.404
0.264	0.241	0.197	0.298
0.084	0.037	0.008	0.871
0.002	0.002	0.995	0.001
0.067	0.927	0.001	0.005
0.005	0.005	0.001	0.989
0.001	0.001	0.966	0.032
0.958	0.001	0.002	0.039
0.016	0.166	0.795	0.023
0.001	0.001	0.001	0.997
0.02	0.978	0.001	0.001
0.997	0.001	0.001	0.001
0.033	0.246	0.118	0.603

MOTIF Bach2(bZIP)_18 
letter-probability matrix: alength= 4 w= 10 nsites= 20 E= 0 
0.15	0.132	0.147	0.571
0.023	0.142	0.819	0.016
0.213	0.739	0.035	0.013
0.008	0.011	0.001	0.98
0.006	0.001	0.96	0.033
0.965	0.001	0.001	0.033
0.033	0.369	0.575	0.023
0.001	0.001	0.001	0.997
0.032	0.966	0.001	0.001
0.992	0.001	0.006	0.001

MOTIF Bapx1(Homeobox)_19 
letter-probability matrix: alength= 4 w= 10 nsites= 20 E= 0 
0.056	0.334	0.104	0.506
0.177	0.231	0.156	0.436
0.497	0.001	0.501	0.001
0.962	0.005	0.012	0.021
0.009	0.001	0.882	0.108
0.024	0.001	0.001	0.974
0.14	0.001	0.858	0.001
0.079	0.289	0.425	0.208
0.189	0.274	0.127	0.41
0.188	0.124	0.28	0.408

MOTIF Barx1(Homeobox)_20 
letter-probability matrix: alength= 4 w= 10 nsites= 20 E= 0 
0.468	0.162	0.222	0.148
0.59	0.096	0.191	0.123
0.542	0.093	0.227	0.138
0.07	0.618	0.197	0.115
0.332	0.406	0.087	0.176
0.591	0.159	0.112	0.138
0.027	0.096	0.056	0.821
0.046	0.18	0.06	0.714
0.794	0.024	0.059	0.123
0.235	0.222	0.336	0.207

MOTIF IRF:BATF(IRF:bZIP)_21 
letter-probability matrix: alength= 4 w= 15 nsites= 20 E= 0 
0.051	0.508	0.3	0.141
0.004	0.017	0.001	0.978
0.001	0.123	0.001	0.875
0.004	0.081	0.004	0.911
0.001	0.987	0.004	0.008
0.619	0.103	0.047	0.231
0.242	0.222	0.244	0.291
0.246	0.009	0.034	0.711
0.465	0.18	0.064	0.291
0.001	0.001	0.001	0.997
0.034	0.111	0.611	0.244
0.884	0.021	0.009	0.086
0.161	0.513	0.257	0.069
0.183	0.051	0.017	0.749
0.243	0.36	0.235	0.162

MOTIF BATF(bZIP)_22 
letter-probability matrix: alength= 4 w= 10 nsites= 20 E= 0 
0.258	0.115	0.308	0.319
0.494	0.221	0.193	0.092
0.001	0.001	0.001	0.997
0.001	0.001	0.9	0.098
0.986	0.001	0.001	0.012
0.03	0.456	0.481	0.033
0.007	0.001	0.001	0.991
0.095	0.899	0.004	0.002
0.997	0.001	0.001	0.001
0.087	0.209	0.225	0.479

MOTIF Bcl11a(Zf)_23 
letter-probability matrix: alength= 4 w= 12 nsites= 20 E= 0 
0.113	0.191	0.055	0.641
0.041	0.453	0.095	0.411
0.004	0.001	0.001	0.994
0.027	0.055	0.841	0.077
0.545	0.032	0.338	0.085
0.048	0.91	0.031	0.011
0.006	0.992	0.001	0.001
0.893	0.001	0.001	0.105
0.027	0.378	0.494	0.101
0.303	0.224	0.083	0.39
0.473	0.016	0.357	0.153
0.121	0.059	0.738	0.082

MOTIF Bcl6(Zf)_24 
letter-probability matrix: alength= 4 w= 15 nsites= 20 E= 0 
0.225	0.277	0.206	0.292
0.271	0.206	0.219	0.304
0.221	0.218	0.348	0.213
0.218	0.39	0.164	0.228
0.12	0.234	0.061	0.585
0.032	0.207	0.052	0.709
0.027	0.058	0.031	0.884
0.017	0.888	0.023	0.072
0.025	0.648	0.012	0.315
0.623	0.009	0.025	0.343
0.116	0.013	0.842	0.029
0.065	0.033	0.867	0.035
0.788	0.048	0.136	0.028
0.867	0.041	0.053	0.039
0.412	0.175	0.222	0.19

MOTIF BHLHA15(bHLH)_25 
letter-probability matrix: alength= 4 w= 10 nsites= 20 E= 0 
0.25	0.237	0.268	0.245
0.44	0.213	0.224	0.124
0.351	0.486	0.162	0.001
0.001	0.997	0.001	0.001
0.997	0.001	0.001	0.001
0.001	0.001	0.638	0.36
0.367	0.631	0.001	0.001
0.001	0.001	0.001	0.997
0.001	0.001	0.997	0.001
0.001	0.135	0.463	0.401

MOTIF bHLHE40(bHLH)_26 
letter-probability matrix: alength= 4 w= 10 nsites= 20 E= 0 
0.144	0.077	0.458	0.321
0.028	0.97	0.001	0.001
0.997	0.001	0.001	0.001
0.001	0.933	0.001	0.065
0.04	0.001	0.958	0.001
0.001	0.001	0.001	0.997
0.001	0.001	0.997	0.001
0.379	0.43	0.069	0.121
0.193	0.381	0.203	0.223
0.201	0.288	0.221	0.29

MOTIF bHLHE41(bHLH)_27 
letter-probability matrix: alength= 4 w= 10 nsites= 20 E= 0 
0.101	0.028	0.46	0.411
0.054	0.901	0.029	0.016
0.859	0.037	0.047	0.057
0.014	0.922	0.027	0.037
0.025	0.025	0.938	0.012
0.076	0.05	0.042	0.832
0.01	0.028	0.893	0.069
0.43	0.403	0.048	0.119
0.109	0.527	0.201	0.163
0.186	0.313	0.212	0.289

MOTIF BMAL1(bHLH)_28 
letter-probability matrix: alength= 4 w= 8 nsites= 20 E= 0 
0.209	0.162	0.449	0.18
0.24	0.235	0.249	0.275
0.027	0.961	0.007	0.005
0.984	0.001	0.004	0.011
0.002	0.929	0.001	0.068
0.095	0.019	0.885	0.001
0.008	0.015	0.002	0.975
0.004	0.002	0.96	0.034

MOTIF BMYB(HTH)_29 
letter-probability matrix: alength= 4 w= 10 nsites= 20 E= 0 
0.211	0.282	0.234	0.273
0.31	0.274	0.014	0.402
0.991	0.001	0.001	0.007
0.997	0.001	0.001	0.001
0.008	0.99	0.001	0.001
0.129	0.245	0.303	0.322
0.001	0.001	0.997	0.001
0.209	0.386	0.066	0.339
0.161	0.432	0.004	0.403
0.317	0.234	0.3	0.15

MOTIF BORIS(Zf)_30 
letter-probability matrix: alength= 4 w= 20 nsites= 20 E= 0 
0.173	0.416	0.246	0.165
0.226	0.275	0.229	0.27
0.288	0.299	0.259	0.154
0.105	0.32	0.268	0.307
0.334	0.114	0.416	0.136
0.06	0.326	0.554	0.06
0.052	0.562	0.052	0.334
0.037	0.005	0.827	0.131
0.023	0.96	0.013	0.004
0.001	0.997	0.001	0.001
0.245	0.67	0.027	0.058
0.001	0.689	0.001	0.309
0.001	0.997	0.001	0.001
0.05	0.043	0.017	0.89
0.253	0.073	0.525	0.149
0.004	0.418	0.546	0.032
0.172	0.15	0.055	0.623
0.001	0.001	0.997	0.001
0.019	0.063	0.865	0.053
0.192	0.432	0.15	0.226

MOTIF Brachyury(T-box)_31 
letter-probability matrix: alength= 4 w= 21 nsites= 20 E= 0 
0.402	0.156	0.211	0.231
0.256	0.196	0.221	0.326
0.09	0.251	0.086	0.573
0.02	0.11	0.001	0.869
0.352	0.402	0.166	0.08
0.442	0.065	0.347	0.146
0.001	0.969	0.02	0.01
0.859	0.001	0.085	0.055
0.105	0.482	0.337	0.075
0.171	0.332	0.221	0.276
0.201	0.221	0.241	0.337
0.347	0.221	0.226	0.206
0.231	0.196	0.342	0.231
0.116	0.292	0.502	0.09
0.055	0.07	0.03	0.845
0.001	0.025	0.959	0.015
0.161	0.367	0.055	0.417
0.08	0.196	0.352	0.372
0.904	0.001	0.07	0.025
0.603	0.101	0.206	0.09
0.261	0.236	0.246	0.256

MOTIF Brn1(POU,Homeobox)_32 
letter-probability matrix: alength= 4 w= 12 nsites= 20 E= 0 
0.199	0.248	0.135	0.419
0.997	0.001	0.001	0.001
0.001	0.001	0.001	0.997
0.001	0.001	0.947	0.051
0.001	0.639	0.135	0.225
0.521	0.001	0.001	0.477
0.882	0.001	0.116	0.001
0.997	0.001	0.001	0.001
0.062	0.032	0.177	0.729
0.111	0.244	0.307	0.338
0.428	0.219	0.137	0.215
0.267	0.209	0.35	0.173

MOTIF Brn2(POU,Homeobox)_33 
letter-probability matrix: alength= 4 w= 10 nsites= 20 E= 0 
0.874	0.016	0.012	0.098
0.001	0.007	0.005	0.987
0.064	0.089	0.826	0.021
0.631	0.333	0.001	0.035
0.888	0.003	0.075	0.034
0.01	0.001	0.001	0.988
0.993	0.002	0.003	0.002
0.403	0.012	0.003	0.582
0.056	0.003	0.255	0.686
0.001	0.546	0.213	0.24

MOTIF bZIP:IRF(bZIP,IRF)_34 
letter-probability matrix: alength= 4 w= 18 nsites= 20 E= 0 
0.198	0.3	0.219	0.282
0.495	0.032	0.261	0.212
0.027	0.293	0.547	0.133
0.006	0.023	0.011	0.96
0.008	0.136	0.028	0.828
0.007	0.037	0.004	0.952
0.001	0.956	0.017	0.026
0.636	0.087	0.037	0.24
0.15	0.193	0.315	0.341
0.197	0.029	0.077	0.697
0.318	0.241	0.065	0.376
0.005	0.001	0.002	0.992
0.016	0.148	0.696	0.14
0.84	0.038	0.039	0.083
0.153	0.546	0.266	0.035
0.168	0.056	0.019	0.757
0.208	0.323	0.257	0.212
0.369	0.164	0.173	0.294

MOTIF Cdx2(Homeobox)_35 
letter-probability matrix: alength= 4 w= 10 nsites= 20 E= 0 
0.209	0.058	0.733	0.001
0.001	0.444	0.001	0.554
0.489	0.493	0.001	0.017
0.997	0.001	0.001	0.001
0.001	0.001	0.001	0.997
0.997	0.001	0.001	0.001
0.997	0.001	0.001	0.001
0.997	0.001	0.001	0.001
0.678	0.115	0.073	0.135
0.243	0.285	0.154	0.318

MOTIF CDX4(Homeobox)_36 
letter-probability matrix: alength= 4 w= 12 nsites= 20 E= 0 
0.234	0.275	0.313	0.178
0.243	0.208	0.448	0.102
0.04	0.496	0.034	0.43
0.243	0.493	0.026	0.237
0.609	0.039	0.325	0.027
0.005	0.037	0.003	0.955
0.872	0.013	0.011	0.104
0.95	0.007	0.001	0.042
0.978	0.004	0.001	0.017
0.342	0.177	0.191	0.289
0.213	0.39	0.184	0.213
0.356	0.25	0.165	0.229

MOTIF CEBP:AP1(bZIP)_37 
letter-probability matrix: alength= 4 w= 10 nsites= 20 E= 0 
0.29	0.093	0.336	0.281
0.464	0.16	0.356	0.02
0.016	0.001	0.006	0.977
0.045	0.001	0.921	0.033
0.378	0.003	0.001	0.618
0.081	0.049	0.117	0.752
0.004	0.001	0.994	0.001
0.063	0.867	0.001	0.069
0.997	0.001	0.001	0.001
0.986	0.009	0.001	0.003

MOTIF CEBP:CEBP(bZIP)_38 
letter-probability matrix: alength= 4 w= 20 nsites= 20 E= 0 
0.319	0.276	0.211	0.195
0.219	0.189	0.157	0.435
0.281	0.178	0.246	0.295
0.408	0.184	0.195	0.214
0.108	0.046	0.146	0.7
0.001	0.001	0.967	0.031
0.202	0.673	0.001	0.124
0.997	0.001	0.001	0.001
0.967	0.001	0.031	0.001
0.011	0.327	0.186	0.476
0.381	0.362	0.119	0.138
0.216	0.232	0.308	0.243
0.268	0.232	0.268	0.232
0.359	0.227	0.192	0.222
0.262	0.016	0.124	0.598
0.001	0.002	0.995	0.002
0.362	0.462	0.008	0.168
0.973	0.021	0.005	0.001
0.983	0.001	0.001	0.015
0.078	0.295	0.189	0.438

MOTIF CEBP(bZIP)_39 
letter-probability matrix: alength= 4 w= 10 nsites= 20 E= 0 
0.812	0.102	0.061	0.026
0.001	0.003	0.001	0.995
0.001	0.001	0.026	0.972
0.104	0.001	0.795	0.1
0.076	0.624	0.055	0.244
0.192	0.061	0.644	0.104
0.102	0.757	0.003	0.138
0.971	0.027	0.001	0.001
0.993	0.001	0.005	0.001
0.037	0.664	0.143	0.157

MOTIF Chop(bZIP)_40 
letter-probability matrix: alength= 4 w= 10 nsites= 20 E= 0 
0.503	0.16	0.298	0.039
0.009	0.008	0.006	0.977
0.003	0.004	0.024	0.969
0.25	0.004	0.546	0.2
0.027	0.963	0.002	0.008
0.929	0.016	0.05	0.005
0.04	0.024	0.011	0.925
0.015	0.966	0.012	0.007
0.957	0.008	0.03	0.005
0.019	0.145	0.338	0.499

MOTIF CHR(?)_41 
letter-probability matrix: alength= 4 w= 10 nsites= 20 E= 0 
0.233	0.453	0.313	0.001
0.408	0.051	0.54	0.001
0.172	0.051	0.582	0.195
0.283	0.073	0.035	0.609
0.001	0.012	0.001	0.986
0.012	0.001	0.001	0.986
0.001	0.679	0.185	0.135
0.997	0.001	0.001	0.001
0.997	0.001	0.001	0.001
0.986	0.012	0.001	0.001

MOTIF CLOCK(bHLH)_42 
letter-probability matrix: alength= 4 w= 8 nsites= 20 E= 0 
0.232	0.131	0.488	0.15
0.292	0.219	0.164	0.324
0.02	0.935	0.018	0.027
0.98	0.001	0.006	0.013
0.001	0.949	0.001	0.049
0.076	0.013	0.91	0.001
0.008	0.016	0.001	0.975
0.029	0.012	0.942	0.017

MOTIF c-Myc(bHLH)_43 
letter-probability matrix: alength= 4 w= 8 nsites= 20 E= 0 
0.327	0.218	0.319	0.135
0.115	0.6	0.224	0.061
0.022	0.95	0.017	0.012
0.89	0.001	0.094	0.015
0.001	0.996	0.001	0.002
0.001	0.001	0.997	0.001
0.002	0.08	0.001	0.917
0.013	0.008	0.953	0.026

MOTIF c-Myc(bHLH)_44 
letter-probability matrix: alength= 4 w= 10 nsites= 20 E= 0 
0.251	0.225	0.369	0.155
0.311	0.197	0.336	0.156
0.138	0.504	0.336	0.022
0.001	0.997	0.001	0.001
0.992	0.001	0.006	0.001
0.001	0.932	0.001	0.066
0.112	0.001	0.886	0.001
0.001	0.001	0.001	0.997
0.001	0.001	0.997	0.001
0.023	0.32	0.526	0.13

MOTIF COUP-TFII(NR)_45 
letter-probability matrix: alength= 4 w= 12 nsites= 20 E= 0 
0.205	0.217	0.473	0.105
0.146	0.205	0.398	0.251
0.141	0.292	0.218	0.349
0.209	0.426	0.182	0.183
0.461	0.149	0.184	0.206
0.467	0.036	0.463	0.035
0.688	0.001	0.31	0.001
0.001	0.001	0.995	0.003
0.005	0.001	0.951	0.043
0.007	0.03	0.065	0.898
0.009	0.815	0.04	0.136
0.955	0.001	0.005	0.039

MOTIF COUP-TFII(NR)_46 
letter-probability matrix: alength= 4 w= 8 nsites= 20 E= 0 
0.466	0.17	0.228	0.136
0.251	0.067	0.65	0.032
0.545	0.005	0.449	0.001
0.001	0.006	0.971	0.022
0.014	0.006	0.965	0.015
0.001	0.015	0.043	0.941
0.014	0.915	0.031	0.04
0.945	0.001	0.053	0.001

MOTIF CREB5(bZIP)_47 
letter-probability matrix: alength= 4 w= 12 nsites= 20 E= 0 
0.345	0.238	0.225	0.191
0.324	0.212	0.302	0.162
0.575	0.069	0.339	0.017
0.001	0.001	0.001	0.997
0.002	0.001	0.772	0.225
0.943	0.001	0.001	0.055
0.068	0.498	0.175	0.259
0.257	0.226	0.477	0.039
0.001	0.001	0.001	0.997
0.262	0.736	0.001	0.001
0.997	0.001	0.001	0.001
0.03	0.241	0.11	0.619

MOTIF CRE(bZIP)_48 
letter-probability matrix: alength= 4 w= 12 nsites= 20 E= 0 
0.089	0.49	0.225	0.196
0.077	0.378	0.437	0.109
0.067	0.308	0.604	0.021
0.001	0.03	0.001	0.968
0.001	0.203	0.795	0.001
0.981	0.001	0.017	0.001
0.001	0.976	0.001	0.022
0.023	0.001	0.975	0.001
0.001	0.027	0.001	0.971
0.001	0.8	0.198	0.001
0.977	0.001	0.021	0.001
0.005	0.649	0.281	0.065

MOTIF CRX(Homeobox)_49 
letter-probability matrix: alength= 4 w= 8 nsites= 20 E= 0 
0.148	0.245	0.445	0.162
0.132	0.528	0.062	0.278
0.022	0.004	0.001	0.973
0.89	0.003	0.023	0.084
0.975	0.011	0.006	0.008
0.001	0.006	0.183	0.811
0.001	0.978	0.016	0.005
0.012	0.754	0.013	0.222

MOTIF CTCF(Zf)_50 
letter-probability matrix: alength= 4 w= 20 nsites= 20 E= 0 
0.447	0.221	0.181	0.151
0.037	0.34	0.236	0.386
0.499	0.061	0.33	0.11
0.033	0.377	0.528	0.061
0.023	0.378	0.005	0.593
0.061	0.005	0.887	0.047
0.079	0.905	0.005	0.01
0.002	0.994	0.001	0.003
0.501	0.475	0.007	0.016
0.002	0.527	0.004	0.467
0.003	0.995	0.001	0.001
0.03	0.036	0.004	0.93
0.382	0.042	0.446	0.13
0.02	0.273	0.686	0.021
0.047	0.039	0.014	0.9
0.002	0.001	0.995	0.002
0.04	0.034	0.873	0.053
0.161	0.527	0.061	0.25
0.277	0.428	0.117	0.178
0.541	0.092	0.267	0.1

MOTIF CTCF-SatelliteElement(Zf?)_51 
letter-probability matrix: alength= 4 w= 20 nsites= 20 E= 0 
0.051	0.01	0.033	0.905
0.003	0.005	0.991	0.001
0.015	0.93	0.001	0.054
0.935	0.008	0.001	0.056
0.203	0.064	0.707	0.026
0.023	0.023	0.018	0.936
0.244	0.041	0.165	0.55
0.049	0.905	0.013	0.033
0.09	0.738	0.005	0.167
0.373	0.329	0.136	0.162
0.38	0.254	0.26	0.105
0.303	0.314	0.208	0.175
0.398	0.149	0.152	0.301
0.293	0.157	0.378	0.172
0.051	0.319	0.044	0.586
0.275	0.057	0.517	0.152
0.244	0.041	0.638	0.077
0.041	0.951	0.003	0.005
0.001	0.995	0.001	0.003
0.928	0.003	0.015	0.054

MOTIF CUX1(Homeobox)_52 
letter-probability matrix: alength= 4 w= 10 nsites= 20 E= 0 
0.16	0.168	0.26	0.412
0.97	0.015	0.014	0.001
0.001	0.04	0.012	0.947
0.039	0.654	0.001	0.306
0.271	0.001	0.675	0.053
0.977	0.001	0.021	0.001
0.001	0.111	0.012	0.876
0.296	0.279	0.188	0.236
0.48	0.176	0.261	0.083
0.291	0.164	0.26	0.284

MOTIF Cux2(Homeobox)_53 
letter-probability matrix: alength= 4 w= 10 nsites= 20 E= 0 
0.354	0.21	0.193	0.242
0.167	0.218	0.311	0.303
0.373	0.213	0.224	0.19
0.632	0.001	0.361	0.006
0.959	0.001	0.039	0.001
0.001	0.001	0.024	0.974
0.008	0.964	0.027	0.001
0.773	0.001	0.225	0.001
0.997	0.001	0.001	0.001
0.014	0.001	0.001	0.984

MOTIF DLX1(Homeobox)_54 
letter-probability matrix: alength= 4 w= 10 nsites= 20 E= 0 
0.204	0.265	0.326	0.206
0.167	0.374	0.29	0.168
0.228	0.271	0.235	0.267
0.228	0.297	0.273	0.203
0.038	0.272	0.035	0.655
0.66	0.114	0.182	0.044
0.948	0.01	0.007	0.035
0.028	0.024	0.005	0.943
0.041	0.15	0.092	0.717
0.608	0.027	0.269	0.096

MOTIF DLX2(Homeobox)_55 
letter-probability matrix: alength= 4 w= 10 nsites= 20 E= 0 
0.208	0.27	0.286	0.236
0.224	0.263	0.263	0.25
0.207	0.308	0.262	0.222
0.073	0.287	0.036	0.604
0.701	0.119	0.127	0.053
0.936	0.014	0.02	0.03
0.038	0.029	0.01	0.923
0.04	0.137	0.112	0.711
0.692	0.018	0.206	0.084
0.194	0.28	0.36	0.166

MOTIF Dlx3(Homeobox)_56 
letter-probability matrix: alength= 4 w= 10 nsites= 20 E= 0 
0.294	0.256	0.271	0.179
0.219	0.105	0.334	0.342
0.109	0.191	0.443	0.258
0.001	0.069	0.001	0.929
0.997	0.001	0.001	0.001
0.997	0.001	0.001	0.001
0.001	0.001	0.001	0.997
0.001	0.001	0.001	0.997
0.962	0.001	0.036	0.001
0.123	0.553	0.228	0.096

MOTIF DLX5(Homeobox)_57 
letter-probability matrix: alength= 4 w= 8 nsites= 20 E= 0 
0.167	0.355	0.281	0.197
0.166	0.285	0.409	0.14
0.081	0.255	0.103	0.561
0.697	0.144	0.102	0.057
0.865	0.037	0.042	0.056
0.063	0.051	0.058	0.828
0.083	0.094	0.115	0.708
0.577	0.05	0.272	0.101

MOTIF Mouse_Recombination_Hotspot(Zf)_58 
letter-probability matrix: alength= 4 w= 20 nsites= 20 E= 0 
0.482	0.109	0.229	0.18
0.257	0.535	0.088	0.12
0.107	0.256	0.001	0.636
0.036	0.527	0.055	0.382
0.225	0.156	0.238	0.382
0.331	0.287	0.197	0.185
0.676	0.08	0.162	0.082
0.037	0.146	0.314	0.503
0.005	0.01	0.006	0.979
0.009	0.613	0.001	0.377
0.199	0.17	0.438	0.193
0.319	0.001	0.057	0.623
0.001	0.001	0.997	0.001
0.212	0.272	0.262	0.255
0.03	0.053	0.018	0.899
0.559	0.026	0.372	0.043
0.008	0.964	0.002	0.026
0.032	0.075	0.001	0.892
0.03	0.071	0.03	0.869
0.25	0.427	0.06	0.263

MOTIF DMRT1(DM)_59 
letter-probability matrix: alength= 4 w= 15 nsites= 20 E= 0 
0.242	0.178	0.144	0.436
0.292	0.057	0.239	0.412
0.105	0.042	0.757	0.096
0.362	0.273	0.044	0.322
0.346	0.115	0.061	0.478
0.916	0.008	0.013	0.063
0.054	0.848	0.04	0.058
0.688	0.027	0.006	0.279
0.387	0.097	0.108	0.408
0.273	0.009	0.034	0.684
0.068	0.042	0.826	0.064
0.053	0.011	0.014	0.922
0.459	0.068	0.128	0.345
0.302	0.057	0.272	0.37
0.106	0.722	0.053	0.119

MOTIF DMRT6(DM)_60 
letter-probability matrix: alength= 4 w= 15 nsites= 20 E= 0 
0.208	0.219	0.205	0.367
0.307	0.056	0.261	0.376
0.087	0.044	0.778	0.091
0.372	0.284	0.044	0.3
0.286	0.132	0.051	0.531
0.957	0.001	0.002	0.04
0.033	0.867	0.047	0.053
0.689	0.036	0.008	0.267
0.39	0.109	0.1	0.401
0.27	0.004	0.031	0.695
0.039	0.049	0.882	0.03
0.04	0.003	0.001	0.956
0.502	0.054	0.119	0.325
0.272	0.054	0.292	0.382
0.084	0.748	0.053	0.115

MOTIF RAR:RXR(NR),DR0_61 
letter-probability matrix: alength= 4 w= 12 nsites= 20 E= 0 
0.662	0.057	0.28	0.001
0.001	0.001	0.985	0.013
0.014	0.001	0.63	0.355
0.001	0.068	0.035	0.896
0.029	0.91	0.029	0.032
0.997	0.001	0.001	0.001
0.86	0.001	0.138	0.001
0.117	0.001	0.881	0.001
0.001	0.011	0.888	0.1
0.257	0.138	0.19	0.415
0.071	0.639	0.189	0.101
0.602	0.032	0.246	0.12

MOTIF RAR:RXR(NR),DR5_62 
letter-probability matrix: alength= 4 w= 18 nsites= 20 E= 0 
0.509	0.001	0.489	0.001
0.019	0.001	0.961	0.019
0.001	0.001	0.803	0.195
0.001	0.058	0.117	0.824
0.001	0.823	0.137	0.039
0.921	0.001	0.039	0.039
0.216	0.157	0.353	0.274
0.235	0.255	0.313	0.196
0.196	0.314	0.274	0.216
0.412	0.196	0.157	0.235
0.236	0.255	0.431	0.078
0.744	0.001	0.254	0.001
0.038	0.001	0.96	0.001
0.001	0.001	0.764	0.234
0.079	0.117	0.177	0.627
0.001	0.882	0.116	0.001
0.997	0.001	0.001	0.001
0.216	0.352	0.295	0.137

MOTIF DUX4(Homeobox)_63 
letter-probability matrix: alength= 4 w= 15 nsites= 20 E= 0 
0.217	0.191	0.298	0.294
0.318	0.192	0.144	0.345
0.233	0.049	0.055	0.663
0.997	0.001	0.001	0.001
0.997	0.001	0.001	0.001
0.202	0.41	0.091	0.298
0.001	0.474	0.208	0.318
0.001	0.433	0.001	0.565
0.997	0.001	0.001	0.001
0.997	0.001	0.001	0.001
0.001	0.001	0.001	0.997
0.001	0.91	0.001	0.088
0.863	0.001	0.001	0.135
0.384	0.127	0.166	0.322
0.267	0.264	0.19	0.279

MOTIF Duxbl(Homeobox)_64 
letter-probability matrix: alength= 4 w= 12 nsites= 20 E= 0 
0.188	0.104	0.065	0.643
0.899	0.002	0.098	0.001
0.996	0.001	0.002	0.001
0.101	0.451	0.024	0.424
0.009	0.826	0.009	0.156
0.01	0.557	0.001	0.432
0.947	0.051	0.001	0.001
0.975	0.023	0.001	0.001
0.001	0.001	0.001	0.997
0.001	0.997	0.001	0.001
0.985	0.001	0.001	0.013
0.721	0.051	0.174	0.054

MOTIF DUX(Homeobox)_65 
letter-probability matrix: alength= 4 w= 15 nsites= 20 E= 0 
0.116	0.327	0.231	0.326
0.061	0.489	0.303	0.147
0.424	0.001	0.104	0.471
0.001	0.001	0.997	0.001
0.997	0.001	0.001	0.001
0.001	0.001	0.001	0.997
0.001	0.013	0.001	0.985
0.044	0.569	0.168	0.219
0.997	0.001	0.001	0.001
0.997	0.001	0.001	0.001
0.001	0.001	0.001	0.997
0.001	0.899	0.014	0.086
0.792	0.014	0.001	0.193
0.399	0.191	0.188	0.222
0.327	0.295	0.19	0.188

MOTIF E2A(bHLH)_66 
letter-probability matrix: alength= 4 w= 10 nsites= 20 E= 0 
0.352	0.171	0.238	0.239
0.292	0.294	0.253	0.161
0.428	0.218	0.353	0.001
0.001	0.997	0.001	0.001
0.997	0.001	0.001	0.001
0.001	0.238	0.753	0.008
0.001	0.871	0.127	0.001
0.001	0.001	0.001	0.997
0.001	0.001	0.997	0.001
0.007	0.476	0.178	0.339

MOTIF E2F1(E2F)_67 
letter-probability matrix: alength= 4 w= 10 nsites= 20 E= 0 
0.213	0.424	0.224	0.141
0.257	0.158	0.21	0.377
0.062	0.147	0.79	0.002
0.002	0.002	0.995	0.002
0.002	0.995	0.002	0.002
0.002	0.002	0.995	0.002
0.002	0.08	0.917	0.002
0.002	0.015	0.982	0.002
0.995	0.002	0.002	0.002
0.949	0.002	0.048	0.002

MOTIF E2F3(E2F)_68 
letter-probability matrix: alength= 4 w= 12 nsites= 20 E= 0 
0.045	0.269	0.367	0.319
0.144	0.15	0.166	0.54
0.163	0.127	0.358	0.352
0.013	0.159	0.807	0.021
0.001	0.032	0.966	0.001
0.069	0.909	0.021	0.001
0.001	0.001	0.997	0.001
0.001	0.164	0.834	0.001
0.021	0.09	0.868	0.021
0.845	0.099	0.035	0.021
0.655	0.001	0.18	0.164
0.413	0.172	0.172	0.243

MOTIF E2F4(E2F)_69 
letter-probability matrix: alength= 4 w= 10 nsites= 20 E= 0 
0.173	0.303	0.508	0.016
0.015	0.051	0.933	0.001
0.032	0.966	0.001	0.001
0.001	0.153	0.845	0.001
0.009	0.323	0.667	0.001
0.103	0.15	0.698	0.049
0.815	0.079	0.036	0.07
0.719	0.073	0.122	0.086
0.55	0.101	0.165	0.184
0.26	0.264	0.087	0.389

MOTIF E2F6(E2F)_70 
letter-probability matrix: alength= 4 w= 10 nsites= 20 E= 0 
0.254	0.262	0.434	0.051
0.034	0.04	0.922	0.004
0.137	0.732	0.027	0.104
0.01	0.142	0.819	0.029
0.06	0.061	0.768	0.111
0.044	0.063	0.867	0.026
0.937	0.012	0.05	0.001
0.617	0.046	0.262	0.075
0.372	0.175	0.289	0.164
0.2	0.257	0.3	0.243

MOTIF E2F7(E2F)_71 
letter-probability matrix: alength= 4 w= 12 nsites= 20 E= 0 
0.208	0.35	0.276	0.166
0.29	0.171	0.215	0.323
0.104	0.105	0.179	0.612
0.001	0.152	0.001	0.846
0.001	0.037	0.001	0.961
0.001	0.997	0.001	0.001
0.001	0.73	0.268	0.001
0.001	0.997	0.001	0.001
0.001	0.001	0.987	0.011
0.001	0.978	0.02	0.001
0.001	0.653	0.284	0.062
0.41	0.222	0.14	0.228

MOTIF E2F(E2F)_72 
letter-probability matrix: alength= 4 w= 12 nsites= 20 E= 0 
0.035	0.275	0.114	0.576
0.001	0.169	0.106	0.724
0.035	0.538	0.427	0.001
0.001	0.274	0.724	0.001
0.001	0.997	0.001	0.001
0.001	0.001	0.997	0.001
0.001	0.598	0.4	0.001
0.001	0.239	0.759	0.001
0.882	0.05	0.051	0.017
0.929	0.001	0.069	0.001
0.917	0.017	0.065	0.001
0.53	0.084	0.264	0.122

MOTIF E2A(bHLH),near_PU.1_73 
letter-probability matrix: alength= 4 w= 10 nsites= 20 E= 0 
0.218	0.303	0.259	0.22
0.316	0.261	0.257	0.166
0.001	0.997	0.001	0.001
0.997	0.001	0.001	0.001
0.001	0.997	0.001	0.001
0.001	0.997	0.001	0.001
0.001	0.001	0.001	0.997
0.001	0.001	0.997	0.001
0.135	0.37	0.251	0.244
0.279	0.268	0.213	0.24

MOTIF EBF2(EBF)_74 
letter-probability matrix: alength= 4 w= 15 nsites= 20 E= 0 
0.345	0.201	0.201	0.254
0.408	0.11	0.257	0.225
0.148	0.226	0.326	0.299
0.079	0.189	0.086	0.646
0.008	0.944	0.021	0.027
0.035	0.73	0.002	0.233
0.033	0.866	0.006	0.095
0.282	0.263	0.041	0.414
0.34	0.045	0.318	0.297
0.112	0.008	0.83	0.05
0.21	0.001	0.757	0.032
0.016	0.016	0.962	0.006
0.618	0.079	0.23	0.073
0.347	0.312	0.226	0.115
0.269	0.23	0.127	0.375

MOTIF EBF(EBF)_75 
letter-probability matrix: alength= 4 w= 12 nsites= 20 E= 0 
0.287	0.122	0.352	0.24
0.076	0.283	0.458	0.182
0.005	0.16	0.001	0.833
0.001	0.997	0.001	0.001
0.001	0.845	0.001	0.153
0.001	0.997	0.001	0.001
0.227	0.348	0.032	0.393
0.396	0.024	0.347	0.233
0.001	0.001	0.997	0.001
0.117	0.001	0.881	0.001
0.001	0.001	0.997	0.001
0.849	0.001	0.133	0.017

MOTIF EBF1(EBF)_76 
letter-probability matrix: alength= 4 w= 12 nsites= 20 E= 0 
0.184	0.17	0.443	0.203
0.067	0.17	0.263	0.501
0.021	0.618	0.075	0.286
0.012	0.93	0.001	0.057
0.021	0.862	0.001	0.116
0.038	0.917	0.001	0.044
0.538	0.055	0.003	0.405
0.146	0.006	0.77	0.078
0.179	0.001	0.794	0.026
0.019	0.001	0.979	0.001
0.21	0.045	0.724	0.021
0.5	0.204	0.242	0.054

MOTIF EBNA1(EBV-virus)_77 
letter-probability matrix: alength= 4 w= 20 nsites= 20 E= 0 
0.001	0.001	0.997	0.001
0.235	0.001	0.763	0.001
0.218	0.39	0.003	0.389
0.997	0.001	0.001	0.001
0.011	0.001	0.987	0.001
0.007	0.623	0.144	0.226
0.691	0.174	0.11	0.025
0.181	0.282	0.107	0.43
0.377	0.122	0.238	0.263
0.037	0.124	0.13	0.709
0.246	0.196	0.55	0.008
0.001	0.976	0.001	0.022
0.001	0.001	0.001	0.997
0.383	0.001	0.363	0.253
0.001	0.76	0.001	0.238
0.001	0.997	0.001	0.001
0.181	0.555	0.033	0.231
0.286	0.198	0.231	0.285
0.245	0.224	0.337	0.194
0.248	0.261	0.268	0.223

MOTIF E-box(bHLH)_78 
letter-probability matrix: alength= 4 w= 12 nsites= 20 E= 0 
0.05	0.498	0.381	0.07
0.104	0.417	0.369	0.11
0.07	0.234	0.603	0.094
0.073	0.122	0.795	0.01
0.008	0.127	0.03	0.835
0.001	0.997	0.001	0.001
0.99	0.004	0.002	0.005
0.002	0.931	0.003	0.064
0.105	0.022	0.872	0.001
0.002	0.002	0.001	0.995
0.001	0.001	0.997	0.001
0.726	0.047	0.223	0.004

MOTIF Egr1(Zf)_79 
letter-probability matrix: alength= 4 w= 10 nsites= 20 E= 0 
0.128	0.072	0.142	0.658
0.078	0.036	0.882	0.004
0.154	0.523	0.023	0.3
0.001	0.001	0.997	0.001
0.001	0.001	0.282	0.716
0.027	0.001	0.971	0.001
0.001	0.002	0.973	0.024
0.001	0.001	0.997	0.001
0.153	0.415	0.01	0.422
0.034	0.002	0.94	0.024

MOTIF Egr2(Zf)_80 
letter-probability matrix: alength= 4 w= 12 nsites= 20 E= 0 
0.216	0.231	0.231	0.322
0.114	0.182	0.678	0.026
0.158	0.552	0.035	0.255
0.001	0.001	0.997	0.001
0.001	0.001	0.137	0.861
0.055	0.001	0.943	0.001
0.001	0.001	0.997	0.001
0.001	0.001	0.997	0.001
0.159	0.587	0.001	0.253
0.032	0.001	0.953	0.014
0.092	0.066	0.513	0.329
0.248	0.192	0.357	0.204

MOTIF EHF(ETS)_81 
letter-probability matrix: alength= 4 w= 10 nsites= 20 E= 0 
0.627	0.005	0.123	0.245
0.226	0.372	0.241	0.161
0.258	0.474	0.267	0.001
0.625	0.356	0.018	0.001
0.001	0.001	0.997	0.001
0.004	0.001	0.994	0.001
0.997	0.001	0.001	0.001
0.997	0.001	0.001	0.001
0.288	0.028	0.683	0.001
0.132	0.185	0.066	0.617

MOTIF EKLF(Zf)_82 
letter-probability matrix: alength= 4 w= 12 nsites= 20 E= 0 
0.268	0.306	0.23	0.195
0.402	0.001	0.051	0.546
0.001	0.001	0.997	0.001
0.001	0.001	0.997	0.001
0.001	0.001	0.997	0.001
0.035	0.049	0.001	0.915
0.001	0.001	0.997	0.001
0.001	0.001	0.155	0.843
0.001	0.001	0.997	0.001
0.047	0.054	0.781	0.117
0.039	0.63	0.024	0.308
0.168	0.411	0.067	0.354

MOTIF ELF1(ETS)_83 
letter-probability matrix: alength= 4 w= 10 nsites= 20 E= 0 
0.494	0.156	0.189	0.161
0.358	0.289	0.249	0.105
0.058	0.717	0.201	0.024
0.092	0.889	0.011	0.008
0.007	0.012	0.979	0.002
0.012	0.011	0.969	0.008
0.961	0.008	0.016	0.015
0.96	0.014	0.008	0.018
0.085	0.062	0.833	0.02
0.099	0.241	0.049	0.611

MOTIF ELF3(ETS)_84 
letter-probability matrix: alength= 4 w= 10 nsites= 20 E= 0 
0.777	0.014	0.038	0.171
0.246	0.324	0.242	0.188
0.266	0.451	0.28	0.003
0.899	0.083	0.016	0.002
0.001	0.001	0.997	0.001
0.001	0.001	0.997	0.001
0.997	0.001	0.001	0.001
0.992	0.001	0.001	0.006
0.199	0.027	0.773	0.001
0.051	0.126	0.031	0.792

MOTIF Elf4(ETS)_85 
letter-probability matrix: alength= 4 w= 10 nsites= 20 E= 0 
0.649	0.063	0.194	0.094
0.017	0.819	0.067	0.097
0.02	0.014	0.016	0.95
0.008	0.027	0.022	0.943
0.014	0.952	0.018	0.016
0.011	0.969	0.01	0.01
0.018	0.076	0.443	0.463
0.064	0.279	0.52	0.137
0.208	0.198	0.233	0.36
0.23	0.151	0.091	0.528

MOTIF ELF5(ETS)_86 
letter-probability matrix: alength= 4 w= 10 nsites= 20 E= 0 
0.891	0.009	0.005	0.095
0.125	0.478	0.139	0.258
0.27	0.345	0.376	0.008
0.611	0.333	0.048	0.008
0.006	0.021	0.967	0.006
0.025	0.012	0.952	0.011
0.974	0.01	0.005	0.011
0.982	0.007	0.01	0.001
0.082	0.025	0.889	0.004
0.003	0.089	0.028	0.88

MOTIF Elk1(ETS)_87 
letter-probability matrix: alength= 4 w= 10 nsites= 20 E= 0 
0.204	0.342	0.189	0.265
0.484	0.138	0.248	0.13
0.041	0.529	0.166	0.264
0.098	0.01	0.022	0.87
0.031	0.021	0.024	0.924
0.009	0.969	0.01	0.012
0.004	0.974	0.016	0.006
0.005	0.013	0.827	0.155
0.074	0.157	0.63	0.139
0.189	0.305	0.147	0.359

MOTIF Elk4(ETS)_88 
letter-probability matrix: alength= 4 w= 10 nsites= 20 E= 0 
0.245	0.301	0.189	0.266
0.451	0.072	0.355	0.122
0.019	0.405	0.18	0.396
0.2	0.001	0.007	0.792
0.029	0.001	0.009	0.961
0.013	0.972	0.002	0.013
0.001	0.996	0.001	0.002
0.001	0.006	0.879	0.114
0.065	0.135	0.674	0.126
0.186	0.252	0.195	0.368

MOTIF En1(Homeobox)_89 
letter-probability matrix: alength= 4 w= 10 nsites= 20 E= 0 
0.263	0.238	0.293	0.206
0.266	0.177	0.334	0.224
0.132	0.436	0.242	0.19
0.044	0.255	0.001	0.7
0.664	0.14	0.139	0.057
0.967	0.005	0.006	0.022
0.013	0.02	0.018	0.949
0.043	0.133	0.152	0.672
0.719	0.001	0.236	0.044
0.192	0.271	0.365	0.171

MOTIF Eomes(T-box)_90 
letter-probability matrix: alength= 4 w= 10 nsites= 20 E= 0 
0.463	0.19	0.149	0.198
0.038	0.063	0.016	0.883
0.006	0.028	0.001	0.965
0.572	0.342	0.047	0.039
0.563	0.018	0.149	0.27
0.001	0.996	0.001	0.002
0.947	0.008	0.008	0.037
0.026	0.856	0.117	0.001
0.093	0.695	0.017	0.195
0.096	0.117	0.007	0.78

MOTIF ERE(NR),IR3_91 
letter-probability matrix: alength= 4 w= 15 nsites= 20 E= 0 
0.353	0.257	0.221	0.168
0.664	0.016	0.268	0.052
0.06	0.001	0.801	0.138
0.028	0.004	0.95	0.018
0.057	0.033	0.154	0.755
0.001	0.928	0.031	0.04
0.934	0.007	0.026	0.033
0.144	0.421	0.262	0.173
0.219	0.308	0.251	0.222
0.166	0.283	0.387	0.164
0.037	0.015	0.007	0.941
0.042	0.024	0.933	0.001
0.729	0.164	0.038	0.069
0.022	0.934	0.005	0.04
0.158	0.763	0.001	0.078

MOTIF ERG(ETS)_92 
letter-probability matrix: alength= 4 w= 10 nsites= 20 E= 0 
0.536	0.119	0.25	0.096
0.05	0.877	0.072	0.001
0.81	0.188	0.001	0.001
0.001	0.001	0.997	0.001
0.001	0.001	0.997	0.001
0.997	0.001	0.001	0.001
0.964	0.001	0.001	0.034
0.33	0.001	0.668	0.001
0.034	0.272	0.062	0.631
0.267	0.16	0.437	0.136

MOTIF Erra(NR)_93 
letter-probability matrix: alength= 4 w= 10 nsites= 20 E= 0 
0.023	0.791	0.047	0.139
0.604	0.358	0.028	0.011
0.682	0.021	0.288	0.009
0.877	0.001	0.118	0.004
0.001	0.001	0.997	0.001
0.015	0.011	0.814	0.159
0.025	0.139	0.176	0.66
0.001	0.985	0.01	0.004
0.971	0.013	0.008	0.008
0.149	0.267	0.491	0.094

MOTIF ERRg(NR)_94 
letter-probability matrix: alength= 4 w= 12 nsites= 20 E= 0 
0.211	0.183	0.386	0.22
0.025	0.129	0.012	0.834
0.115	0.119	0.765	0.001
0.647	0.224	0.028	0.101
0.023	0.975	0.001	0.001
0.03	0.93	0.001	0.039
0.015	0.048	0.001	0.936
0.015	0.204	0.023	0.758
0.021	0.303	0.461	0.215
0.432	0.162	0.288	0.118
0.221	0.296	0.325	0.158
0.219	0.307	0.267	0.207

MOTIF Unknown-ESC-element(?)_95 
letter-probability matrix: alength= 4 w= 12 nsites= 20 E= 0 
0.12	0.837	0.034	0.009
0.481	0.232	0.014	0.273
0.014	0.982	0.002	0.001
0.92	0.003	0.011	0.066
0.02	0.018	0.953	0.009
0.008	0.942	0.005	0.044
0.875	0.001	0.042	0.082
0.028	0.001	0.92	0.05
0.002	0.001	0.993	0.004
0.302	0.062	0.504	0.132
0.282	0.036	0.519	0.163
0.233	0.129	0.501	0.137

MOTIF Esrrb(NR)_96 
letter-probability matrix: alength= 4 w= 10 nsites= 20 E= 0 
0.202	0.185	0.376	0.237
0.01	0.072	0.012	0.906
0.032	0.07	0.894	0.005
0.865	0.07	0.015	0.05
0.014	0.969	0.008	0.009
0.01	0.961	0.024	0.005
0.009	0.032	0.023	0.936
0.014	0.144	0.012	0.83
0.038	0.196	0.611	0.155
0.483	0.135	0.295	0.087

MOTIF ETS1(ETS)_97 
letter-probability matrix: alength= 4 w= 10 nsites= 20 E= 0 
0.54	0.088	0.332	0.041
0.093	0.721	0.181	0.004
0.719	0.272	0.008	0.001
0.001	0.001	0.997	0.001
0.001	0.001	0.997	0.001
0.997	0.001	0.001	0.001
0.869	0.001	0.001	0.129
0.116	0.001	0.882	0.001
0.024	0.137	0.001	0.838
0.112	0.128	0.654	0.106

MOTIF Ets1-distal(ETS)_98 
letter-probability matrix: alength= 4 w= 10 nsites= 20 E= 0 
0.453	0.329	0.213	0.005
0.864	0.001	0.079	0.056
0.001	0.859	0.093	0.047
0.967	0.031	0.001	0.001
0.001	0.001	0.997	0.001
0.001	0.001	0.997	0.001
0.976	0.001	0.001	0.022
0.821	0.001	0.001	0.177
0.262	0.001	0.736	0.001
0.002	0.254	0.03	0.713

MOTIF ETS:E-box(ETS,bHLH)_99 
letter-probability matrix: alength= 4 w= 12 nsites= 20 E= 0 
0.895	0.032	0.072	0.001
0.001	0.001	0.997	0.001
0.001	0.001	0.997	0.001
0.997	0.001	0.001	0.001
0.889	0.003	0.032	0.076
0.546	0.018	0.435	0.001
0.001	0.997	0.001	0.001
0.965	0.001	0.033	0.001
0.014	0.209	0.573	0.204
0.311	0.65	0.011	0.028
0.053	0.023	0.016	0.908
0.039	0.01	0.854	0.097

MOTIF ETS(ETS)_100 
letter-probability matrix: alength= 4 w= 10 nsites= 20 E= 0 
0.489	0.205	0.188	0.117
0.499	0.21	0.246	0.045
0.034	0.788	0.159	0.019
0.086	0.895	0.005	0.014
0.006	0.003	0.99	0.002
0.012	0.003	0.983	0.003
0.99	0.005	0.002	0.003
0.978	0.007	0.003	0.012
0.049	0.022	0.923	0.006
0.04	0.157	0.016	0.787

MOTIF ETS:RUNX(ETS,Runt)_101 
letter-probability matrix: alength= 4 w= 12 nsites= 20 E= 0 
0.456	0.109	0.328	0.107
0.231	0.506	0.263	0.001
0.904	0.085	0.001	0.01
0.001	0.001	0.997	0.001
0.007	0.001	0.991	0.001
0.997	0.001	0.001	0.001
0.412	0.001	0.001	0.586
0.001	0.001	0.997	0.001
0.001	0.001	0.001	0.997
0.001	0.001	0.997	0.001
0.001	0.001	0.997	0.001
0.001	0.192	0.263	0.545

MOTIF ETV1(ETS)_102 
letter-probability matrix: alength= 4 w= 10 nsites= 20 E= 0 
0.426	0.192	0.247	0.135
0.564	0.108	0.218	0.111
0.081	0.779	0.116	0.024
0.371	0.595	0.023	0.012
0.013	0.012	0.968	0.008
0.014	0.012	0.963	0.011
0.949	0.016	0.016	0.019
0.857	0.02	0.021	0.102
0.148	0.068	0.761	0.023
0.085	0.209	0.101	0.605

MOTIF Etv2(ETS)_103 
letter-probability matrix: alength= 4 w= 12 nsites= 20 E= 0 
0.213	0.301	0.256	0.23
0.17	0.305	0.235	0.29
0.459	0.136	0.266	0.139
0.023	0.475	0.096	0.406
0.273	0.001	0.016	0.71
0.001	0.001	0.001	0.997
0.001	0.997	0.001	0.001
0.001	0.997	0.001	0.001
0.022	0.022	0.378	0.578
0.054	0.241	0.503	0.202
0.214	0.278	0.171	0.336
0.157	0.274	0.275	0.295

MOTIF ETV4(ETS)_104 
letter-probability matrix: alength= 4 w= 10 nsites= 20 E= 0 
0.413	0.136	0.262	0.189
0.071	0.756	0.147	0.026
0.212	0.733	0.036	0.019
0.028	0.024	0.925	0.023
0.027	0.02	0.932	0.021
0.893	0.042	0.028	0.037
0.792	0.04	0.043	0.125
0.194	0.089	0.678	0.039
0.096	0.3	0.128	0.477
0.23	0.204	0.401	0.165

MOTIF EWS:ERG-fusion(ETS)_105 
letter-probability matrix: alength= 4 w= 10 nsites= 20 E= 0 
0.871	0.009	0.119	0.001
0.001	0.155	0.001	0.843
0.001	0.001	0.001	0.997
0.001	0.001	0.001	0.997
0.001	0.997	0.001	0.001
0.001	0.997	0.001	0.001
0.001	0.001	0.041	0.957
0.001	0.105	0.805	0.089
0.194	0.277	0.053	0.476
0.22	0.269	0.276	0.235

MOTIF EWS:FLI1-fusion(ETS)_106 
letter-probability matrix: alength= 4 w= 10 nsites= 20 E= 0 
0.356	0.23	0.227	0.187
0.638	0.001	0.201	0.16
0.001	0.997	0.001	0.001
0.802	0.196	0.001	0.001
0.001	0.001	0.997	0.001
0.001	0.001	0.997	0.001
0.997	0.001	0.001	0.001
0.997	0.001	0.001	0.001
0.644	0.001	0.354	0.001
0.001	0.309	0.001	0.689

MOTIF Fli1(ETS)_107 
letter-probability matrix: alength= 4 w= 10 nsites= 20 E= 0 
0.186	0.329	0.237	0.249
0.395	0.129	0.326	0.15
0.073	0.421	0.134	0.372
0.246	0.029	0.095	0.63
0.07	0.009	0.078	0.843
0.03	0.88	0.001	0.089
0.001	0.941	0.03	0.028
0.063	0.095	0.565	0.277
0.101	0.258	0.46	0.181
0.22	0.295	0.131	0.355

MOTIF Fosl2(bZIP)_108 
letter-probability matrix: alength= 4 w= 12 nsites= 20 E= 0 
0.276	0.202	0.315	0.207
0.43	0.2	0.274	0.096
0.054	0.023	0.033	0.89
0.029	0.062	0.775	0.134
0.788	0.037	0.038	0.137
0.092	0.402	0.437	0.069
0.073	0.075	0.073	0.779
0.136	0.738	0.093	0.033
0.884	0.031	0.029	0.056
0.088	0.265	0.27	0.377
0.235	0.317	0.171	0.277
0.24	0.313	0.247	0.201

MOTIF Fos(bZIP)_109 
letter-probability matrix: alength= 4 w= 12 nsites= 20 E= 0 
0.173	0.248	0.321	0.259
0.22	0.16	0.332	0.288
0.452	0.216	0.237	0.095
0.001	0.001	0.001	0.997
0.001	0.004	0.745	0.25
0.904	0.001	0.005	0.09
0.123	0.303	0.436	0.137
0.001	0.001	0.001	0.997
0.183	0.815	0.001	0.001
0.997	0.001	0.001	0.001
0.115	0.329	0.093	0.463
0.2	0.349	0.206	0.245

MOTIF FOXA1(Forkhead)_110 
letter-probability matrix: alength= 4 w= 10 nsites= 20 E= 0 
0.483	0.026	0.01	0.481
0.644	0.067	0.24	0.049
0.575	0.002	0.111	0.313
0.128	0.001	0.87	0.001
